User Mem	FIFO		LRU


4		0.5219		0.5281

5		0.5594		0.5594

6		0.6062		0.6031

7		0.5844		0.5781

8		0.5906		0.5938

9		0.6156		0.6062

10		0.6312		0.6375

11		0.6344		0.6344

12		0.6469		0.6344

13		0.6562		0.6844

14		0.7063		0.7031

15		0.7156		0.7125

16		0.7188		0.7344

17		0.7469		0.7531

18		0.7719		0.7812

19		0.7594		0.7594

20		0.7531		0.7562

21		0.7781		0.7875

22		0.8063		0.8031

23		0.8375		0.8125

24		0.8125		0.8438

25		0.8063		0.8219

26		0.8438		0.8469

27		0.8719		0.8594

28		0.8625		0.8719

29		0.8844		0.8875

30		0.8906		0.8844

31		0.9000		0.8938

32		0.9000		0.9000
